-81.2221198176094	40.09988784790039
-171.10898259891064	9.608367919921875
-188.20195909384552	0.8387026786804199
101.9340708488919	0.844374418258667
-14.052920132388428	0.8793435096740723
103.08764398228055	0.8713992834091187
73.91163793504646	40.01155471801758
-81.40124358214472	40.33480453491211
-25.93707445537909	0.8387026786804199
102.47269725932735	0.8294736742973328
101.72799685092225	0.8033318519592285
-360.6092872134434	27.104475021362305
-126.00957198747695	40.08055114746094
134.07285976175265	0.8120652437210083
101.74309116939315	0.8983911275863647
104.5724265933451	0.7459043860435486
101.7979565729512	0.8241040110588074
101.73659890888047	0.8462008237838745
101.99286533823376	0.8387026786804199
106.07179229525956	0.797493577003479
102.77960645527155	0.8026065230369568
101.51268407508269	0.8241040110588074
101.58357423979959	0.769245982170105
101.46373999333157	0.8387026786804199
101.72034453651929	0.845801830291748
101.3530999614206	0.8387026786804199
104.01363413338699	0.8869790434837341
101.92824309127838	0.839847981929779
101.68800105099801	0.8613136410713196
101.4899248707689	0.8241040110588074
101.39309106626182	0.876247227191925
102.23906517896548	0.8192717432975769
101.41530640375213	0.8387026786804199
101.96572325622253	0.8929316997528076
101.57143066658632	0.8241040110588074
104.02929185298576	0.8196911215782166
101.41501814921526	0.8732066750526428
101.3952965847302	0.8273708820343018
101.35908414802351	0.8678874969482422
101.15519093098055	0.8919097185134888
101.8583624654601	0.8488519191741943
101.73634196882601	0.8241040110588074
102.4619444042309	0.786751925945282
101.39868683827234	0.8241040110588074
101.61885718603178	0.8482261896133423
102.04481637795247	0.8793435096740723
101.44785856363536	0.8241040110588074
101.52917383538664	0.8772739768028259
102.28932898471571	0.8273708820343018
101.72688067136521	0.7985968589782715
101.51642310500812	0.8241040110588074
101.51006960488962	0.8543076515197754
101.27750723098207	0.845801830291748
101.51270582681441	0.845801830291748
101.49210830851666	0.826725959777832
101.40291833241814	0.8241040110588074
101.39012068654397	0.8387026786804199
101.46115123204468	0.8241040110588074
101.24902727193798	0.845801830291748
101.58144536548689	0.845801830291748
101.2842824770326	0.845801830291748
101.37146053235317	0.8241040110588074
101.92377812726029	0.698635458946228
101.33891426395313	0.876247227191925
101.41790257344924	0.845801830291748
101.88813350195444	0.7936391830444336
101.4603884719981	0.8387026786804199
101.7932969832205	0.8322812914848328
102.22838974417472	0.8010523319244385
101.58455874347692	0.876247227191925
101.41808324258172	0.8241040110588074
101.57535865552602	0.7892540097236633
101.67212181526703	0.8387026786804199
101.5350557832404	0.8325769305229187
101.541591003217	0.8072482943534851
101.54048724759154	0.8241040110588074
101.33891426395313	0.876247227191925
101.61989376219636	0.845801830291748
101.51007792977443	0.845801830291748
101.30598629300333	0.845801830291748
101.71203137657261	0.8382760286331177
101.47900240650007	0.8387026786804199
101.69985668342538	0.876247227191925
101.74459052856605	0.8576367497444153
101.38316842665813	0.8241040110588074
101.73395101983714	0.7305175065994263
101.31929269304807	0.876247227191925
101.60216106560534	0.8937169313430786
102.20800926538628	0.8241040110588074
101.43763194348446	0.8241040110588074
101.33891426395313	0.8241040110588074
101.33891426395313	0.8387026786804199
101.49171385879514	0.8387026786804199
101.22761626135271	0.845801830291748
101.33891426395313	0.876247227191925
101.27172903710864	0.845801830291748
101.61222657270257	0.8777546286582947
101.66259555390438	0.8171937465667725
101.3164680396008	0.8829545378684998
101.54618402959801	0.845801830291748
101.54373776447498	0.8605133891105652
101.51270582681441	0.845801830291748
101.51218250516723	0.8667982816696167
101.5951679645594	0.8241040110588074
101.44463293366313	0.8273833990097046
101.47142699864388	0.845801830291748
101.42600881222518	0.7422281503677368
101.2885133102322	0.845801830291748
101.5834360792054	0.8387026786804199
101.49171385879511	0.8002313375473022
101.28402525103733	0.845801830291748
101.33891426395313	0.876247227191925
101.385756811786	0.8241040110588074
101.54005438775904	0.8241040110588074
101.4317911693122	0.8241040110588074
101.26088565810484	0.8241040110588074
101.29214560638859	0.8387026786804199
101.42444816469202	0.845801830291748
101.67306720036589	0.845801830291748
101.41619624440706	0.845801830291748
101.66486244515492	0.8810133337974548
101.32241749780576	0.8387026786804199
101.32272419310037	0.8241040110588074
101.33891426395313	0.8387026786804199
101.44054920833501	0.845801830291748
101.33891426395313	0.8387026786804199
101.42643365951142	0.8387026786804199
101.67027862188502	0.8326005935668945
102.34887394382328	0.8539444208145142
101.8760303572463	0.8964275121688843
101.33891426395313	0.876247227191925
101.39356198240455	0.876247227191925
101.46957389377616	0.8241040110588074
101.30369674217705	0.8241040110588074
101.42792387396577	0.876247227191925
101.4439666902785	0.8431981801986694
101.47420218885493	0.8767873644828796
101.3164680396008	0.876247227191925
101.33891426395313	0.8241040110588074
101.49591565408018	0.876247227191925
101.3786971391559	0.879776656627655
101.4104327071489	0.876247227191925
101.45222909635193	0.8735898733139038
101.33891426395313	0.8241040110588074
101.30369674217705	0.876247227191925
101.41987198477297	0.8715568780899048
101.40347458402329	0.876247227191925
101.4372934344009	0.845801830291748
101.33891426395313	0.876247227191925
101.47285843976151	0.8387026786804199
101.33891426395313	0.845801830291748
101.26921033368569	0.8241040110588074
101.53894164228052	0.8810133337974548
101.88143805162834	0.7864918112754822
101.33891426395313	0.845801830291748
101.33891426395313	0.8387026786804199
102.18650922008169	0.8129345774650574
101.68051035579252	0.876247227191925
101.33891426395313	0.8387026786804199
101.33891426395313	0.8387026786804199
101.4104327071489	0.845801830291748
101.470948678878	0.876247227191925
101.46257992370327	0.845801830291748
101.33891426395313	0.8241040110588074
120.81338167178627	16.087453842163086
101.5026304334599	0.8899080157279968
101.28902657447243	0.8241040110588074
101.65359291379531	0.8597955703735352
101.59942778993711	0.845801830291748
101.33891426395313	0.845801830291748
101.4927235570118	0.876247227191925
101.49171385879511	0.826725959777832
101.46341440168828	0.876247227191925
101.44851197289256	0.7368261814117432
101.470948678878	0.8241040110588074
101.33891426395313	0.876247227191925
101.33891426395313	0.845801830291748
101.33891426395313	0.8387026786804199
101.29324132769318	0.845801830291748
101.33891426395313	0.876247227191925
101.33891426395313	0.845801830291748
101.31554747139425	0.8728734254837036
101.33891426395313	0.8241040110588074
101.46309750590211	0.8241040110588074
102.6302455944164	0.6045336127281189
101.490186482605	0.7864918112754822
101.2842824770326	0.845801830291748
101.44423384644972	0.8241040110588074
101.33891426395313	0.845801830291748
101.2842824770326	0.845801830291748
101.4539331610705	0.845801830291748
102.06238805368442	0.8750579357147217
101.86022369734178	0.8372993469238281
101.33891426395313	0.8387026786804199
101.33891426395313	0.845801830291748
101.33891426395313	0.8241040110588074
101.33891426395313	0.876247227191925
101.2879191079614	0.8241040110588074
101.20828644397272	0.845801830291748
101.33891426395313	0.876247227191925
